{
 "cells": [
  {
   "cell_type": "code",
   "execution_count": 1,
   "metadata": {},
   "outputs": [
    {
     "data": {
      "application/javascript": [
       "window.genUID = function() {\n",
       "    return 'xxxxxxxx-xxxx-4xxx-yxxx-xxxxxxxxxxxx'.replace(/[xy]/g, function(c) {\n",
       "        var r = Math.random()*16|0, v = c == 'x' ? r : (r&0x3|0x8);\n",
       "        return v.toString(16);\n",
       "    });\n",
       "};\n",
       "\n",
       "\n",
       "define('graphWidget', [\"@jupyter-widgets/base\"], function (widget) {\n",
       "\n",
       "    var GraphView = widget.DOMWidgetView.extend({\n",
       "        render: function(){\n",
       "            var that = this;\n",
       "\n",
       "            var graphId = window.genUID();\n",
       "            var loadingId = 'loading-'+graphId;\n",
       "\n",
       "\n",
       "            var _graph_url = that.model.get('_graph_url');\n",
       "\n",
       "            // variable plotlyDomain in the case of enterprise\n",
       "            var url_parts = _graph_url.split('/');\n",
       "            var plotlyDomain = url_parts[0] + '//' + url_parts[2];\n",
       "\n",
       "            if(!('plotlyDomains' in window)){\n",
       "                window.plotlyDomains = {};\n",
       "            }\n",
       "            window.plotlyDomains[graphId] = plotlyDomain;\n",
       "\n",
       "            // Place IFrame in output cell div `$el`\n",
       "            that.$el.css('width', '100%');\n",
       "            that.$graph = $(['<iframe id=\"'+graphId+'\"',\n",
       "                             'src=\"'+_graph_url+'.embed\"',\n",
       "                             'seamless',\n",
       "                             'style=\"border: none;\"',\n",
       "                             'width=\"100%\"',\n",
       "                             'height=\"600\">',\n",
       "                             '</iframe>'].join(' '));\n",
       "            that.$graph.appendTo(that.$el);\n",
       "\n",
       "            that.$loading = $('<div id=\"'+loadingId+'\">Initializing...</div>')\n",
       "                            .appendTo(that.$el);\n",
       "\n",
       "            // for some reason the 'width' is being changed in IPython 3.0.0\n",
       "            // for the containing `div` element. There's a flicker here, but\n",
       "            // I was unable to fix it otherwise.\n",
       "            setTimeout(function ()  {\n",
       "                if (IPYTHON_VERSION === '3') {\n",
       "                    $('#' + graphId)[0].parentElement.style.width = '100%';\n",
       "                }\n",
       "            }, 500);\n",
       "\n",
       "            // initialize communication with the iframe\n",
       "            if(!('pingers' in window)){\n",
       "                window.pingers = {};\n",
       "            }\n",
       "\n",
       "            window.pingers[graphId] = setInterval(function() {\n",
       "                that.graphContentWindow = $('#'+graphId)[0].contentWindow;\n",
       "                that.graphContentWindow.postMessage({task: 'ping'}, plotlyDomain);\n",
       "            }, 200);\n",
       "\n",
       "            // Assign a message listener to the 'message' events\n",
       "            // from iframe's postMessage protocol.\n",
       "            // Filter the messages by iframe src so that the right message\n",
       "            // gets passed to the right widget\n",
       "            if(!('messageListeners' in window)){\n",
       "                 window.messageListeners = {};\n",
       "            }\n",
       "\n",
       "            window.messageListeners[graphId] = function(e) {\n",
       "                if(_graph_url.indexOf(e.origin)>-1) {\n",
       "                    var frame = document.getElementById(graphId);\n",
       "\n",
       "                    if(frame === null){\n",
       "                        // frame doesn't exist in the dom anymore, clean up it's old event listener\n",
       "                        window.removeEventListener('message', window.messageListeners[graphId]);\n",
       "                        clearInterval(window.pingers[graphId]);\n",
       "                    } else if(frame.contentWindow === e.source) {\n",
       "                        // TODO: Stop event propagation, so each frame doesn't listen and filter\n",
       "                        var frameContentWindow = $('#'+graphId)[0].contentWindow;\n",
       "                        var message = e.data;\n",
       "\n",
       "                        if('pong' in message && message.pong) {\n",
       "                            $('#loading-'+graphId).hide();\n",
       "                            clearInterval(window.pingers[graphId]);\n",
       "                            that.send({event: 'pong', graphId: graphId});\n",
       "                        } else if (message.type==='hover' ||\n",
       "                                   message.type==='zoom'  ||\n",
       "                                   message.type==='click' ||\n",
       "                                   message.type==='unhover') {\n",
       "\n",
       "                            // click and hover events contain all of the data in the traces,\n",
       "                            // which can be a very large object and may take a ton of time\n",
       "                            // to pass to the python backend. Strip out the data, and require\n",
       "                            // the user to call get_figure if they need trace information\n",
       "                            if(message.type !== 'zoom') {\n",
       "                                for(var i in message.points) {\n",
       "                                    delete message.points[i].data;\n",
       "                                    delete message.points[i].fullData;\n",
       "                                }\n",
       "                            }\n",
       "                            that.send({event: message.type, message: message, graphId: graphId});\n",
       "                        } else if (message.task === 'getAttributes') {\n",
       "                            that.send({event: 'getAttributes', response: message.response});\n",
       "                        }\n",
       "                    }\n",
       "                }\n",
       "            };\n",
       "\n",
       "            window.removeEventListener('message', window.messageListeners[graphId]);\n",
       "            window.addEventListener('message', window.messageListeners[graphId]);\n",
       "\n",
       "        },\n",
       "\n",
       "        update: function() {\n",
       "            // Listen for messages from the graph widget in python\n",
       "            var jmessage = this.model.get('_message');\n",
       "            var message = JSON.parse(jmessage);\n",
       "\n",
       "            // check for duplicate messages\n",
       "            if(!('messageIds' in window)){\n",
       "                window.messageIds = {};\n",
       "            }\n",
       "\n",
       "            if(!(message.uid in window.messageIds)){\n",
       "                // message hasn't been received yet, do stuff\n",
       "                window.messageIds[message.uid] = true;\n",
       "\n",
       "                if (message.fadeTo) {\n",
       "                    this.fadeTo(message);\n",
       "                } else {\n",
       "                    var plot = $('#' + message.graphId)[0].contentWindow;\n",
       "                    plot.postMessage(message, window.plotlyDomains[message.graphId]);\n",
       "                }\n",
       "            }\n",
       "\n",
       "            return GraphView.__super__.update.apply(this);\n",
       "        },\n",
       "\n",
       "        /**\n",
       "         * Wrapper for jquery's `fadeTo` function.\n",
       "         *\n",
       "         * @param message Contains the id we need to find the element.\n",
       "         */\n",
       "        fadeTo: function (message) {\n",
       "            var plot = $('#' + message.graphId);\n",
       "            plot.fadeTo(message.duration, message.opacity);\n",
       "        }\n",
       "    });\n",
       "\n",
       "    // Register the GraphView with the widget manager.\n",
       "    return {\n",
       "        GraphView: GraphView\n",
       "    }\n",
       "\n",
       "});\n",
       "\n",
       "//@ sourceURL=graphWidget.js\n"
      ],
      "text/plain": [
       "<IPython.core.display.Javascript object>"
      ]
     },
     "metadata": {},
     "output_type": "display_data"
    }
   ],
   "source": [
    "%matplotlib inline\n",
    "\n",
    "from plotly.widgets import GraphWidget\n",
    "\n",
    "import ipywidgets as widgets \n",
    "from IPython.display import display, clear_output\n",
    "import numpy as np"
   ]
  },
  {
   "cell_type": "code",
   "execution_count": 2,
   "metadata": {},
   "outputs": [
    {
     "name": "stderr",
     "output_type": "stream",
     "text": [
      "D:\\Anaconda3\\envs\\gis\\lib\\site-packages\\ipykernel_launcher.py:21: DeprecationWarning:\n",
      "\n",
      "on_trait_change is deprecated in traitlets 4.1: use observe instead\n",
      "\n"
     ]
    }
   ],
   "source": [
    "g = GraphWidget('https://plot.ly/~jackp/2590')\n",
    "x = y = np.arange(-5,5,0.1)\n",
    "yt = x[:,np.newaxis]\n",
    "\n",
    "class z_data:\n",
    "    def __init__(self):\n",
    "        self.z = np.cos(x*yt)+np.sin(x*yt)\n",
    "    \n",
    "    def on_z_change(self, name, old_value, new_value):\n",
    "        self.z = np.cos(x*yt*(new_value+1)/100)+np.sin(x*yt*(new_value+1/100))\n",
    "        self.replot()\n",
    "        \n",
    "    def replot(self):\n",
    "        g.restyle({ 'z': [self.z] })\n",
    "\n",
    "z_slider = widgets.FloatSlider(min=0,max=3,value=1,step=0.05)\n",
    "z_slider.description = 'Frequency'\n",
    "z_slider.value = 1\n",
    "\n",
    "z_state = z_data()\n",
    "z_slider.on_trait_change(z_state.on_z_change, 'value')"
   ]
  },
  {
   "cell_type": "code",
   "execution_count": 3,
   "metadata": {},
   "outputs": [
    {
     "data": {
      "application/vnd.jupyter.widget-view+json": {
       "model_id": "b3d2331ac1c84300b74d23f008b8bd35",
       "version_major": 2,
       "version_minor": 0
      },
      "text/html": [
       "<p>Failed to display Jupyter Widget of type <code>FloatSlider</code>.</p>\n",
       "<p>\n",
       "  If you're reading this message in the Jupyter Notebook or JupyterLab Notebook, it may mean\n",
       "  that the widgets JavaScript is still loading. If this message persists, it\n",
       "  likely means that the widgets JavaScript library is either not installed or\n",
       "  not enabled. See the <a href=\"https://ipywidgets.readthedocs.io/en/stable/user_install.html\">Jupyter\n",
       "  Widgets Documentation</a> for setup instructions.\n",
       "</p>\n",
       "<p>\n",
       "  If you're reading this message in another frontend (for example, a static\n",
       "  rendering on GitHub or <a href=\"https://nbviewer.jupyter.org/\">NBViewer</a>),\n",
       "  it may mean that your frontend doesn't currently support widgets.\n",
       "</p>\n"
      ],
      "text/plain": [
       "FloatSlider(value=1.0, description='Frequency', max=3.0, step=0.05)"
      ]
     },
     "metadata": {},
     "output_type": "display_data"
    },
    {
     "data": {
      "application/vnd.jupyter.widget-view+json": {
       "model_id": "b080e5de22244f8fad70aef38d2693e6",
       "version_major": 2,
       "version_minor": 0
      },
      "text/html": [
       "<p>Failed to display Jupyter Widget of type <code>GraphWidget</code>.</p>\n",
       "<p>\n",
       "  If you're reading this message in the Jupyter Notebook or JupyterLab Notebook, it may mean\n",
       "  that the widgets JavaScript is still loading. If this message persists, it\n",
       "  likely means that the widgets JavaScript library is either not installed or\n",
       "  not enabled. See the <a href=\"https://ipywidgets.readthedocs.io/en/stable/user_install.html\">Jupyter\n",
       "  Widgets Documentation</a> for setup instructions.\n",
       "</p>\n",
       "<p>\n",
       "  If you're reading this message in another frontend (for example, a static\n",
       "  rendering on GitHub or <a href=\"https://nbviewer.jupyter.org/\">NBViewer</a>),\n",
       "  it may mean that your frontend doesn't currently support widgets.\n",
       "</p>\n"
      ],
      "text/plain": [
       "GraphWidget()"
      ]
     },
     "metadata": {},
     "output_type": "display_data"
    }
   ],
   "source": [
    "display(z_slider)\n",
    "display(g)"
   ]
  },
  {
   "cell_type": "code",
   "execution_count": 4,
   "metadata": {},
   "outputs": [
    {
     "data": {
      "text/html": [
       "<script src=\"https://cdn.rawgit.com/parente/4c3e6936d0d7a46fd071/raw/65b816fb9bdd3c28b4ddf3af602bfd6015486383/code_toggle.js\"></script>"
      ],
      "text/plain": [
       "<IPython.core.display.HTML object>"
      ]
     },
     "metadata": {},
     "output_type": "display_data"
    }
   ],
   "source": [
    "%%html\n",
    "<script src=\"https://cdn.rawgit.com/parente/4c3e6936d0d7a46fd071/raw/65b816fb9bdd3c28b4ddf3af602bfd6015486383/code_toggle.js\"></script>"
   ]
  }
 ],
 "metadata": {
  "kernelspec": {
   "display_name": "Python 3",
   "language": "python",
   "name": "python3"
  },
  "language_info": {
   "codemirror_mode": {
    "name": "ipython",
    "version": 3
   },
   "file_extension": ".py",
   "mimetype": "text/x-python",
   "name": "python",
   "nbconvert_exporter": "python",
   "pygments_lexer": "ipython3",
   "version": "3.6.4"
  },
  "widgets": {
   "application/vnd.jupyter.widget-state+json": {
    "state": {
     "2204eb4acced474e882dd5d858021bad": {
      "model_module": "@jupyter-widgets/base",
      "model_module_version": "1.0.0",
      "model_name": "LayoutModel",
      "state": {}
     },
     "2a715b90dbdb466fbc3f8ad6760429d0": {
      "model_module": "@jupyter-widgets/base",
      "model_module_version": "1.0.0",
      "model_name": "LayoutModel",
      "state": {}
     },
     "3f7a1e082e884f92afc957c859fd8dbe": {
      "model_module": "@jupyter-widgets/controls",
      "model_module_version": "1.1.0",
      "model_name": "SliderStyleModel",
      "state": {
       "description_width": ""
      }
     },
     "b080e5de22244f8fad70aef38d2693e6": {
      "model_module": "@jupyter-widgets/base",
      "model_module_version": "1.0.0",
      "model_name": "DOMWidgetModel",
      "state": {
       "_graph_url": "https://plot.ly/~jackp/2590",
       "_message": "{\"task\": \"restyle\", \"update\": {\"z\": [[[-0.21360068371981522, -0.030913467978823217, 0.8434554686665181, 1.6434236941002713, 1.6686780642902885, 0.9051187568919246, 0.03734927786574749, -0.15785314114394833, 0.5002711230751027, 1.436317509118731, 1.8284980980079704, 1.3367070188788153, 0.4038373152752751, -0.1366038837001654, 0.20105337730417694, 1.1243587068249796, 1.8218377684363127, 1.6819205293664559, 0.8347633469281707, 0.03693495715822537, 0.0011293801088240185, 0.7647498823749749, 1.6567701335561362, 1.8922320779484763, 1.2676822154181266, 0.3414211065325773, -0.06112683126529528, 0.42129681976169575, 1.3657248050239834, 1.9396931464838252, 1.6387657623892244, 0.7334412025707582, 0.029502284624526753, 0.1541280468258115, 1.0002406359335496, 1.821370731095878, 1.8929950162513323, 1.1544305226700446, 0.2625963995669247, 0.010012608462945272, 0.6226624537179977, 1.5597810854378193, 1.992948333040195, 1.54003122302441, 0.6037362063473065, 0.01482908854394105, 0.2961137161005415, 1.1992511132115486, 1.924776427342817, 1.8303885912142779, 1.000000000000174, 0.16939385023034093, 0.07435338576647543, 0.798791143767987, 1.700406293562133, 1.9797343137926129, 1.388436654330254, 0.44931768174384823, -0.006856184055754055, 0.42262221642362807, 1.3556207122217891, 1.9637200291273678, 1.7061563072522548, 0.8089139343826074, 0.06451404865031574, 0.12987706880995586, 0.9443213883237178, 1.7833251456779742, 1.9004205666079006, 1.188531436162316, 0.2748385222530587, -0.03487353691666817, 0.5298957196652083, 1.4647122115865405, 1.9371140518721774, 1.5241361662629713, 0.5870392416202272, -0.04874994718879466, 0.17507160561520219, 1.0550529323654112, 1.8062385965291083, 1.7576049730109957, 0.9465581192570526, 0.08579493110926328, -0.0681128952925324, 0.6149940411366852, 1.5235488344041883, 1.846080357189342, 1.2901415087623098, 0.3414056161207692, -0.1666167398076167, 0.20897101577454302, 1.1280666219163547, 1.7688858474260933, 1.5560278957586045, 0.6702562312380538, -0.11164799796189695, -0.1050772947858245, 0.6758725832135248, 1.5308926296083576], [-0.030913467978823217, 0.8237176758651386, 1.6233491578667456, 1.6933602343953276, 0.9818083424160507, 0.10376644106412014, -0.18371438815534114, 0.37216296609083444, 1.3041485732588394, 1.82379571532528, 1.494489719097667, 0.6041475418104746, -0.08055402268085243, 0.031373089173863056, 0.850750293780447, 1.6843552494606169, 1.8266658757491547, 1.1621036523573431, 0.26369199964844603, -0.09608657921798591, 0.39530531768012045, 1.3236720954161618, 1.9016478309273008, 1.6408029416433816, 0.7685742025041169, 0.03412019795639698, 0.06882699928586866, 0.8473463161170307, 1.7092322954341848, 1.9227074618826476, 1.309318469819694, 0.3962658521284239, -0.03362326460441312, 0.3898707751419409, 1.3083342484314153, 1.9406669083733363, 1.7498406317780306, 0.9013143617939597, 0.12179525762290733, 0.07890971939667413, 0.8113066997455272, 1.6956659333294337, 1.9787733701702344, 1.4204759902475512, 0.49867982134621924, 0.0014016802819498686, 0.35410558337772735, 1.2565198742852843, 1.9389535883621045, 1.8193164390606875, 1.0000000000001705, 0.1804746175527212, 0.060210681747969175, 0.7415998971682137, 1.642552195507223, 1.9933769175961003, 1.4938027997287735, 0.56929433795717, 0.00786891581264837, 0.2874332146639935, 1.167834954806335, 1.8958609131536757, 1.8481917376619594, 1.0634773804705553, 0.20934532722488264, 0.012503908418170173, 0.6384133240233274, 1.5500467929453041, 1.9663054953776335, 1.5287772201598886, 0.6076832189642357, -0.01414770142870403, 0.19048675574946505, 1.0431350920640168, 1.8120217623047825, 1.8367029261337198, 1.0918323879657124, 0.20879839555205926, -0.06323820897405119, 0.503161687762238, 1.4195709218859407, 1.898626068783864, 1.5261341112115032, 0.6146351074670882, -0.06338570477443473, 0.06509790693351869, 0.8845103113657525, 1.689332393496894, 1.7863448528451178, 1.0863722221339898, 0.1804057557018045, -0.16487448800403925, 0.3384517859645517, 1.253773314552768, 1.7926468615862392, 1.487826049354007, 0.592111612263763, -0.13744167561997522, -0.08575709388920716, 0.6952266236213924], [0.8434554686665181, 1.6233491578667456, 1.7008883662445011, 1.0197333085509477, 0.14684762425751363, -0.19338640777699556, 0.28559389050460415, 1.1970569375081241, 1.7987592084819908, 1.6028575801103337, 0.7767767150253169, 0.005632174317047878, -0.07074155420560468, 0.6164452015548558, 1.5084104854255136, 1.8779598405801217, 1.4270327829102303, 0.5316228713647018, -0.0671834679576433, 0.1278291077123419, 0.9614338104098905, 1.7535131157958253, 1.857921524313684, 1.1934329818452099, 0.31048474622518163, -0.061126831265295056, 0.38806719403447987, 1.292911822801463, 1.9136811775919704, 1.743922640931635, 0.926616556579019, 0.13668623414512993, 0.02640171562530369, 0.6893981356129985, 1.5837335896743538, 1.9772111239684085, 1.5490364550694546, 0.6534193923667054, 0.02851334596262889, 0.18986210580397067, 1.0067686334626853, 1.8096905865624677, 1.9404139100467312, 1.292917820438293, 0.40049354446260166, -0.002470085945338596, 0.4160537899611291, 1.312897956848723, 1.9516871105092646, 1.8079294212314216, 1.0000000000001672, 0.19187007651896093, 0.0475109206925276, 0.6852977641014828, 1.5807389780001304, 1.9974595394754857, 1.5922925947626465, 0.6972654463775221, 0.04676744813684963, 0.17409042865568403, 0.9732142862335071, 1.7859257273405424, 1.9426832507246687, 1.3127907385108353, 0.41179298044322077, -0.022155534534146315, 0.36515616063729406, 1.2529350187966752, 1.9089854007153095, 1.7913667946554295, 0.9937158057112955, 0.16830402388912957, -0.009943615989376209, 0.601954931918878, 1.497548828756446, 1.9371140518721779, 1.555497532539315, 0.6621702214316798, -0.01306944914168573, 0.08021793427953805, 0.8608085473678931, 1.6825591940756945, 1.865354726828559, 1.2539708072060674, 0.34562529981032875, -0.11859277564374104, 0.23731280467190374, 1.1152842922565918, 1.7881300360717693, 1.6970709553495151, 0.9108996666332341, 0.06945367062845031, -0.14214839083131314, 0.44352129285850767, 1.338622812952051, 1.8009159252206777, 1.4436723938883258, 0.5534583074548273, -0.14534058083745582, -0.0857570938892035], [1.6434236941002713, 1.6933602343953276, 1.0197333085509477, 0.16171359820041098, -0.19592759747927824, 0.23602613314771537, 1.1226759942804638, 1.7696672127989972, 1.6719155681810465, 0.9127591062697906, 0.09809741127565019, -0.1224338060815231, 0.4311485553676877, 1.3269386449376879, 1.8624628263413952, 1.6198224737911397, 0.795945699272458, 0.04695997784074146, -0.030326683068295668, 0.6299338475096417, 1.5105911043284157, 1.9201836346609507, 1.5393793780863887, 0.6733333771874935, 0.010532090649574943, 0.0787024142127184, 0.8277641890132079, 1.669406319745117, 1.9420106837828277, 1.433508412563665, 0.5489709105524381, -0.009506543067990147, 0.20234977703874124, 1.0198952818883193, 1.7996802136861494, 1.9279481815941142, 1.3056689487072128, 0.42679860854373486, -0.012079518737131756, 0.3377558196219216, 1.201579500540965, 1.8983267144674625, 1.87881774865303, 1.159757963562546, 0.3105358000166232, 0.003251956043867854, 0.4815781770295666, 1.368190624446916, 1.9629574553804205, 1.7962319136441656, 1.0000000000001636, 0.2035758512106407, 0.03627364099227559, 0.6300794809632564, 1.5153467996740768, 1.9919440127902348, 1.6825476141608124, 0.8308297552781312, 0.10889161393108815, 0.08612218426166296, 0.7792274535107059, 1.6390284090397453, 1.984461014605384, 1.5408009934874611, 0.6567705176911434, 0.02895389933501269, 0.151308296417621, 0.9248046088303439, 1.735687654628837, 1.9405089567771978, 1.3746252786685904, 0.482311769375839, -0.034334797096295055, 0.22975854933696704, 1.062524576229876, 1.8023468672560028, 1.8609161032628023, 1.1881539710527913, 0.31178928119052074, -0.07968952402398155, 0.31887465001566495, 1.1881518629264822, 1.8366828496258303, 1.7473193996979908, 0.9859119656903176, 0.1492709429281327, -0.1064737397959763, 0.41560854861656465, 1.2976217663825236, 1.8370949256137747, 1.6021248879090826, 0.772697530086371, -0.001548598655254807, -0.11471101334096145, 0.5165512943642824, 1.3871571275878247, 1.802754797435698, 1.4284486523164952, 0.5534583074548203, -0.1374416756199811], [1.6686780642902885, 0.9818083424160507, 0.14684762425751363, -0.19592759747927824, 0.21993731729588806, 1.0847581256703607, 1.7478502049574351, 1.7115846754081256, 1.009231109177917, 0.17969527765578808, -0.14166672977000438, 0.29453203675433903, 1.16235180361271, 1.8080073615290448, 1.7462785790422273, 1.028931447030589, 0.20541186594078653, -0.09434307664546426, 0.36179017781586076, 1.2318721238157977, 1.859530047873903, 1.7723333638587668, 1.0405038666639927, 0.2235964057380896, -0.05436528065253343, 0.42129681976170186, 1.2929118228014667, 1.9020346220300617, 1.789394935065671, 1.0436152607566553, 0.23392028250870933, -0.022069319389501074, 0.47271045506975384, 1.3451380399960318, 1.9352126717860076, 1.797184800570101, 1.0380080869066557, 0.2361303426602046, 0.0022845045673944853, 0.5157659155060598, 1.3882951482247363, 1.9588337367044528, 1.7955026797808498, 1.0235028698122288, 0.23005130167843035, 0.018513886394552537, 0.5502766072722638, 1.4222068895967968, 1.9727473321260267, 1.7842284114571119, 1.00000000000016, 0.2155874464688482, 0.026516133485248505, 0.5761360351783422, 1.4467777976557508, 1.9768842569460647, 1.763323143321792, 0.9674808127424059, 0.1927236164628724, 0.02626905711396621, 0.5933186022224116, 1.4619938931036927, 1.9712571734116726, 1.732829792630042, 0.926007937291203, 0.16152545455059142, 0.017831133288169987, 0.6018796774943547, 1.467922646955989, 1.9559604537460673, 1.692872773453884, 0.8757249131418456, 0.12213892548770455, 0.0013409313679945134, 0.6019549319188879, 1.4647122115865556, 1.931169295013841, 1.643656993052154, 0.816855076641028, 0.07478910603236655, -0.022984184359764015, 0.5937589479566868, 1.4525899267228488, 1.8971381102346951, 1.5854661262820757, 0.7496997278375324, 0.01977825763706753, -0.05485006840782891, 0.5775831159300936, 1.4318601139851594, 1.8541982102748107, 1.5186601835153228, 0.6746355939619035, -0.042516801007292715, -0.09388850491614353, 0.5537928360733277, 1.4029011799775892, 1.8027547974356986, 1.443672393888315, 0.5921116122637419], [0.9051187568919246, 0.10376644106412014, -0.19338640777699556, 0.23602613314771537, 1.0847581256703607, 1.7398664479306474, 1.7294124659342922, 1.0664020198403434, 0.2393060366330947, -0.1439298122936452, 0.20105337730417694, 1.0277908542249423, 1.7386127123885946, 1.820214832343464, 1.2177454733318638, 0.3747794873060317, -0.08995238111643511, 0.16651515104508097, 0.9614338104098942, 1.719524907945643, 1.8922320779484747, 1.3574992569667814, 0.5087224225571798, -0.031951442040800804, 0.1329647446893636, 0.8866156413764426, 1.6829651076627141, 1.944737611326869, 1.4841264011941675, 0.639663391660438, 0.02950228462452309, 0.10091804818145667, 0.804339969837536, 1.6294775233551309, 1.9772111239684085, 1.596220032323961, 0.7661403202049515, 0.09377044723494954, 0.0708464033599927, 0.7156724699915968, 1.5597810854378311, 1.9893438808139305, 1.6925192545458845, 0.88671708253591, 0.16015385820014505, 0.04317021664470533, 0.6217274353835867, 1.4747601739246075, 1.9810417240172693, 1.7719235273421559, 1.0000000000001568, 0.22790024962098399, 0.018253414888992237, 0.5236540050634635, 1.3754536170705713, 1.9524257599651298, 1.8335053725816939, 1.1046540737332984, 0.2962129017373961, -0.0036011849372189486, 0.4226222164236456, 1.2630420927243, 1.9038307251208317, 1.8765212634100994, 1.1994187618150782, 0.36426004427987013, -0.02215553453414676, 0.3198090530759655, 1.1388340843899682, 1.8358010518093124, 1.9004205666078917, 1.2831231139474073, 0.43118491951126114, -0.037238997501905846, 0.2163846540828418, 1.0042505591064081, 1.7490846803464875, 1.9048524311642119, 1.3547000823533177, 0.49611638575745753, -0.04874994718880166, 0.11349884682956235, 0.8608085473679072, 1.6446246886530054, 1.8896705381718657, 1.4131998353072235, 0.5581799316925914, -0.0566563038764879, 0.012268159880905238, 0.7101038163023488, 1.5235488344042096, 1.8549356505438355, 1.4578019095136434, 0.6165089646862748, -0.06099501071280977, -0.08623653560544697, 0.5537928360733346, 1.387157127587836, 1.800915925220679, 1.4878260493539912], [0.03734927786574749, -0.18371438815534114, 0.28559389050460415, 1.1226759942804638, 1.7478502049574351, 1.7294124659342922, 1.0852958316015437, 0.27053859965309635, -0.14068202467203028, 0.143733479360873, 0.9296967985098465, 1.672553405907069, 1.8576681114711775, 1.3600341237624611, 0.5316228713646985, -0.044562541771774766, 0.03812895007349093, 0.7258415684104438, 1.5418446408712292, 1.9196553631559863, 1.598877358750443, 0.8071563264180461, 0.10110827143534229, -0.022625662183709316, 0.5255840806223995, 1.365724805023993, 1.9136811775919722, 1.789394935065669, 1.0824363748416843, 0.28941517630922187, -0.03303422792329602, 0.3427894537544063, 1.1565439441752894, 1.841761466891006, 1.9216770671173884, 1.3423756285984516, 0.510465623973844, 0.008954445430329527, 0.1898621058039771, 0.9282411931410073, 1.7094856849641216, 1.988920150994221, 1.5724004692196532, 0.7519750393478273, 0.10181098744612327, 0.07698528587647613, 0.6954920984034396, 1.5256689530634961, 1.9878279115184094, 1.7593219897129482, 1.0000000000001532, 0.24050953225270832, 0.011498204728220385, 0.4728149149296643, 1.3018128207022883, 1.9188041823348696, 1.892126783183958, 1.239775098984297, 0.41682647066570155, -0.002551550600903174, 0.2736899164594673, 1.0514072877855223, 1.785925727340553, 1.9626398630815278, 1.456602989571281, 0.619835882125932, 0.03534675124737052, 0.10974494358758557, 0.7891162724528066, 1.596696768014218, 1.9660196940059484, 1.6367438684953397, 0.836571733194543, 0.12213892548769856, -0.009943615989370436, 0.5298957196652372, 1.3616000367334145, 1.9010554231353871, 1.768250658958108, 1.0528168274986134, 0.2513966540679323, -0.07939222196509454, 0.28809758477511604, 1.0934714366220175, 1.77024832006599, 1.8416994051701971, 1.253970807206044, 0.41371553666694516, -0.09606130703985583, 0.0766137504740746, 0.8067360135766535, 1.5796724376439006, 1.8507706905536097, 1.4259447027279528, 0.5972962871063698, -0.06099501071281299, -0.0938885049161381, 0.5165512943643025, 1.338622812952075, 1.792646861586244], [-0.15785314114394833, 0.37216296609083444, 1.1970569375081241, 1.7696672127989972, 1.7115846754081256, 1.0664020198403434, 0.27053859965309635, -0.13883378559585702, 0.11670637928398908, 0.8704961278677269, 1.6223264308361753, 1.8732061912034468, 1.4593111538781605, 0.6616225631209336, 0.017879942850452024, -0.03730147781637805, 0.5367025671257089, 1.3593370133098155, 1.8835532031764446, 1.761920405748373, 1.0791431392573858, 0.29537217684070205, -0.06175167913529567, 0.24977851980290278, 1.0243723372431601, 1.7464327977480085, 1.935418994218337, 1.467447452731475, 0.6582006774640953, 0.05165636712740218, 0.05603018556426109, 0.6705772334411653, 1.4860902206685145, 1.9587609379240405, 1.7741233532922607, 1.057509570503689, 0.2901710877417817, -0.012798830853399501, 0.35280864576956894, 1.1436510089959926, 1.831691065923223, 1.9575854089657234, 1.4380996158323083, 0.6218126872811358, 0.055830551260629746, 0.11963552219076179, 0.7711178099898113, 1.5747573840822187, 1.9930954918296186, 1.746428640908485, 1.0000000000001497, 0.25341045202435086, 0.006260905791978133, 0.423794607653606, 1.2263081947204424, 1.8763430955334224, 1.9383795124116827, 1.3703079398461855, 0.551611028461891, 0.02939509399049911, 0.1522395764893304, 0.8369105444114794, 1.6240651322817254, 1.985666740586499, 1.6783735052834805, 0.9063949530761518, 0.18482509472449093, -0.005083774120387741, 0.46200129845907634, 1.2716151793172368, 1.8799506083397488, 1.8778012949302814, 1.2644233893731758, 0.4480336550849563, -0.02738905987056539, 0.15383894762988648, 0.8678354520112377, 1.6340608437219832, 1.9369194938634506, 1.57082236133683, 0.7777778384791019, 0.08542821983802162, -0.04607418118999651, 0.46797674171597103, 1.280151893242121, 1.8434042988033916, 1.7771806240475339, 1.1221069117563693, 0.3128002142994928, -0.11299807496890091, 0.12569520352930685, 0.8650577555939506, 1.6061004903884446, 1.848616429678148, 1.4259447027279468, 0.6165089646862607, -0.04251680100730315, -0.11471101334095213, 0.44352129285854025, 1.253773314552806], [0.5002711230751027, 1.3041485732588394, 1.7987592084819908, 1.6719155681810465, 1.009231109177917, 0.2393060366330947, -0.14068202467203028, 0.11670637928398908, 0.850750293780447, 1.5954683408366503, 1.8779598405801214, 1.5211759865076657, 0.7572736776771934, 0.07897790869319898, -0.07588295979614312, 0.39530531768012656, 1.1942441950473413, 1.8127056398162513, 1.8579215243136815, 1.3040505313077035, 0.5087224225571765, -0.01593269660517893, 0.06882699928587399, 0.711477234383028, 1.5032153136517343, 1.9396931464838276, 1.7439226409316286, 1.0436152607566482, 0.2894151763092193, -0.03362326460441323, 0.28341104252055216, 1.0395315787925727, 1.7525342880516246, 1.967725489498081, 1.549036455069443, 0.7661403202049445, 0.12179525762289833, 0.029956393359311217, 0.5507433462763665, 1.3519488063281213, 1.92173204945475, 1.8963216643579917, 1.292917820438276, 0.49867982134620087, 0.022849595796584188, 0.17071254780339817, 0.8481403420714185, 1.6218559132762855, 1.9968363948702825, 1.7332484353329352, 1.0000000000001463, 0.2665980545310842, 0.0025495881503387885, 0.37676263688642253, 1.1494039670277165, 1.8254508769334343, 1.9716265132588826, 1.4938027997287495, 0.6972654463774991, 0.09125673489411845, 0.06293636880287712, 0.6295049642159338, 1.4271916033161416, 1.9441561022183516, 1.848191737661944, 1.1994187618150642, 0.4117929804431988, -0.011926707686630844, 0.19793360512127123, 0.9053060091499916, 1.6554976879088972, 1.9663054953776333, 1.6367438684953317, 0.8757249131418244, 0.1683040238891098, -0.03487353691666162, 0.39390483154422684, 1.1776522192700454, 1.8120217623048016, 1.8882120367840232, 1.3547000823533049, 0.5502290840917542, -0.013069449141697276, 0.022435691634901556, 0.6309046798873646, 1.419570921885974, 1.8802079620951155, 1.7145188741618695, 1.0251195657984884, 0.24984010215890817, -0.11859277564374338, 0.15197961969179252, 0.8845103113658019, 1.6061004903884495, 1.850770690553608, 1.4578019095136265, 0.6746355939618753, -0.001548598655274569, -0.14214839083130326, 0.33845178596459485], [1.436317509118731, 1.82379571532528, 1.6028575801103337, 0.9127591062697906, 0.17969527765578808, -0.1439298122936452, 0.143733479360873, 0.8704961278677269, 1.5954683408366503, 1.8787780025428216, 1.5506665551386951, 0.815340068976119, 0.1260435128339754, -0.09221714105638734, 0.2973227041088058, 1.0595186087576502, 1.7311687293885027, 1.9043819887789346, 1.4761093125916152, 0.7111845625710712, 0.08030920958946697, -0.02790466571505168, 0.45532769149077207, 1.2368835318980724, 1.841053174611424, 1.9005600761704806, 1.38124579472935, 0.6029664491891756, 0.04391704372184535, 0.04809031918702711, 0.6148352693363353, 1.399255122518508, 1.9232013194141633, 1.8677856921643166, 1.2684634294500678, 0.49334276294865564, 0.01799065363121133, 0.13449947813898866, 0.7727962430965631, 1.5435103031002337, 1.976174803102829, 1.8070395966434578, 1.1404230469591508, 0.3848940422588153, 0.003325551463160936, 0.22972709796547175, 0.9260868767916365, 1.666801862220742, 1.9990448956782132, 1.7197864375524157, 1.0000000000001428, 0.28006727520614694, 0.00036997675519157003, 0.3318816810009385, 1.0715729553160094, 1.7666167908817476, 1.9914103544828898, 1.6079420763725754, 0.8502217578586156, 0.18112268842293844, 0.009214119435489443, 0.43881481984098636, 1.2061750913734466, 1.8408285696021829, 1.9534051420897849, 1.4738323906989947, 0.6942033094970411, 0.09008551897859651, 0.029587952345517032, 0.5481665417019338, 1.3269339044014687, 1.8877423080119806, 1.885695849323135, 1.320144431954159, 0.5350817479260166, 0.00870379372647534, 0.060867721581981726, 0.6574161638301526, 1.4310736918951181, 1.9061317803037658, 1.789468875538359, 1.149870968417229, 0.37595141557683287, -0.06158699628574904, 0.10209095003303481, 0.7639375750906402, 1.5160632357910293, 1.8952675617807362, 1.6664076254423317, 0.966249574119246, 0.21980096894094692, -0.11969159428954501, 0.1519796196917974, 0.8650577555939647, 1.5796724376439153, 1.8549356505438344, 1.518660183515296, 0.7726975300863281, 0.06945367062842256, -0.1648744880040336], [1.8284980980079704, 1.494489719097667, 0.7767767150253169, 0.09809741127565019, -0.14166672977000438, 0.20105337730417694, 0.9296967985098465, 1.6223264308361753, 1.8779598405801214, 1.5506665551386951, 0.8347633469281636, 0.15136960657938248, -0.09744702808364958, 0.23659758070597536, 0.9614338104098977, 1.6567701335561438, 1.9194633321149333, 1.5988773587504403, 0.8848258660812519, 0.1967566303591166, -0.06112683126529472, 0.2641561258584809, 0.9850512266094534, 1.682965107662719, 1.9526442096934784, 1.6387657623892116, 0.9266165565790049, 0.23392028250870223, -0.0330342279232958, 0.2834110425205547, 1.0002406359335712, 1.7006117280268467, 1.977211123968408, 1.6700487673060995, 0.9598614101628615, 0.26259639956690883, -0.01342294459801563, 0.29411904671590383, 1.0067686334627048, 1.709485684964129, 1.9929483330401947, 1.6925192545458743, 0.9843625539180734, 0.28259719867200983, -0.002470085945338374, 0.29611371610056403, 1.0044789112230197, 1.709439990058939, 1.9997176232057212, 1.7060478203494531, 1.0000000000001392, 0.2938129412663848, -0.00027455735583015173, 0.2893069808028973, 0.9932936623519103, 1.7004062935621602, 1.997459539475486, 1.7105839196172388, 1.0067327018115162, 0.2962129017373807, -0.0068561840557547216, 0.2736899164594796, 0.9732142862335426, 1.6823955016303476, 1.9861939149020134, 1.7061563072522226, 1.0045989072251902, 0.2898456323699786, -0.022155534534147425, 0.24933283238398696, 0.9443213883237657, 1.655497687908905, 1.966019694005949, 1.6928727734538622, 0.9937158057112527, 0.2748385222530195, -0.046034449868289085, 0.216384654082861, 0.9067740746644646, 1.6198813002455046, 1.9371140518721797, 1.6709191753209984, 0.9742784725102976, 0.2513966540679138, -0.07827727423405706, 0.17507160561524238, 0.8608085473679389, 1.5757916695966725, 1.8997308167601823, 1.640557773388152, 0.9465581192569918, 0.2198009689409417, -0.11859277564374426, 0.12569520352932084, 0.8067360135766817, 1.5235488344042305, 1.8541982102748131, 1.6021248879090493, 0.9108996666331769, 0.1804057557017611], [1.3367070188788153, 0.6041475418104746, 0.005632174317047878, -0.1224338060815231, 0.29453203675433903, 1.0277908542249423, 1.672553405907069, 1.8732061912034468, 1.5211759865076657, 0.815340068976119, 0.15136960657938248, -0.09842394973148005, 0.20775498650252777, 0.9022900629423161, 1.6014151181741614, 1.9187430468086513, 1.6802529784793543, 1.0211159368474563, 0.3104847462251733, -0.05390457970278528, 0.1329647446893677, 0.7693177144502144, 1.5032153136517374, 1.928374685725617, 1.810226470513454, 1.2164299883666634, 0.47922703551727214, 0.010580808434850208, 0.0729574916525898, 0.6332886652192895, 1.3813705055395789, 1.9024623814784225, 1.9080502101089734, 1.3963768024469148, 0.6534193923666853, 0.09377044723494388, 0.029956393359313216, 0.4985463556094479, 1.239804791098578, 1.8422093831365802, 1.9714237888771167, 1.5563237733976878, 0.8285709520190867, 0.19371513255055173, 0.005544494348466156, 0.3692361801028846, 1.0828351970075802, 1.7496230300837683, 1.9988535654990305, 1.6920378627358672, 1.000000000000136, 0.30782977369936393, 0.0006169977612351385, 0.24918580294973014, 0.9150473363364271, 1.627455606697288, 1.9896922566649529, 1.7998024860268196, 1.162963665023332, 0.43296423548796625, 0.015354302599050018, 0.14179581389908724, 0.7411649014958789, 1.4791256243333475, 1.9441561022183558, 1.8765212634100865, 1.3127907385107964, 0.5654914940804827, 0.049216572186482566, 0.049943815776144485, 0.5659166792296295, 1.3086217571909107, 1.8633191302123908, 1.91980572040855, 1.4450138874617884, 0.7014106293595062, 0.10095998973847953, -0.02409535440118571, 0.3939048315442386, 1.1203921350318489, 1.7490846803465083, 1.9280444655212214, 1.555497532539273, 0.8364617467963079, 0.16867423443916763, -0.07871103521273382, 0.2294781389024576, 0.9192220960565333, 1.604134972575715, 1.9004518806749178, 1.6405577733881471, 0.9662495741192316, 0.2498401021588914, -0.11299807496890446, 0.07661375047409147, 0.7101038163023907, 1.4318601139851999, 1.8370949256137856, 1.6970709553494805, 1.08637222213392], [0.4038373152752751, -0.08055402268085243, -0.07074155420560468, 0.4311485553676877, 1.16235180361271, 1.7386127123885946, 1.8576681114711775, 1.4593111538781605, 0.7572736776771934, 0.1260435128339754, -0.09744702808364958, 0.20775498650252777, 0.8825717879808455, 1.5721347033192317, 1.9137056262496341, 1.7287657783266885, 1.117550573314383, 0.40596936050194243, -0.026981141940353615, 0.05008401679509922, 0.5984071512484026, 1.3296119317819033, 1.8584136953766328, 1.9066478664685564, 1.4505726181875749, 0.7334412025707375, 0.13668623414512004, -0.022069319389498965, 0.3427894537544146, 1.0395315787925798, 1.7006117280268491, 1.977304786954035, 1.724374127470387, 1.0769819434798202, 0.37911354721136303, 0.0014187574482283916, 0.1449330255687579